16366
16870
18239
18240
52544
52591
52592
52593
52594
52595
52596
52597
52598
52599
10101
10103
10105
10107
10215
11003
11005
11007
11009
11013
11017
11019
11021
11025
11027
11029
11033
11035
11037
11039
11045
11049
11055
11057
11059
11061
11071
11077
11079
11081
11087
11089
11091
11097
11099
11107
11109
11113
11115
11117
11119
11121
11123
11125
11127
11139
11265
11271
11301
11305
11311
11401
11403
11407
11409
11411
11413
11421
11425
11427
11447
11449
11463
11465
11601
11603
11605
11651
11703
11705
11751
11753
11807
11841
11901
11903
12001
12003
12005
12007
12009
12011
12013
12015
12017
12019
12021
12023
12025
12027
12029
12031
12033
12035
12037
12039
12041
12045
12049
12051
12053
12055
12057
12059
12061
12063
12065
12067
12069
12071
12073
12075
12077
12079
12081
12083
12087
12089
12091
12097
12101
12103
12105
12107
12109
12111
12113
12115
12119
12121
12123
12125
12127
12129
12131
12133
12135
12137
12139
12141
12143
12145
12147
12149
12151
12153
12155
12157
12159
12161
12163
12165
12167
12169
12171
12173
12175
12177
12179
12181
12183
12185
12187
12189
12191
12193
12195
12197
12201
12203
12207
12209
12211
12213
12215
12217
12219
12221
12223
12225
12227
12229
12231
12235
12237
12239
12241
12243
12245
12247
12251
12253
12257
12259
12261
12263
12265
12267
12269
12273
12275
12277
12279
12281
12283
12285
12289
12291
12293
12295
12297
12301
12303
12305
12307
12309
12311
12313
12315
12317
12319
12321
12323
12325
12327
12329
12331
12333
12335
12337
12339
12341
12343
12345
12347
12349
12351
12353
12355
12357
12359
12361
12363
12365
12367
12369
12371
12375
12377
12379
12381
12383
12389
12391
12393
12395
12397
12401
12403
12405
12407
12409
12411
12413
12415
12417
12419
12421
12423
12425
12427
12429
12431
12433
12435
12437
12439
12441
12443
12445
12447
12449
12451
12453
12455
12457
12459
12463
12465
12467
12469
12471
12473
12475
12477
12479
12481
12483
12485
12487
12489
12491
12493
12495
12497
12503
12505
12507
12509
12511
12513
12515
12517
12519
12521
12523
12527
12529
12531
12533
12535
12537
12539
12545
12547
12549
12551
12553
12555
12557
12559
12561
12565
12567
12571
12577
12581
12583
12587
12589
12591
12593
12595
12597
12601
12603
12605
12607
12609
12611
12613
12615
12617
12619
12621
12623
12625
12627
12629
12631
12633
12635
12637
12639
12641
12643
12645
12647
12649
12653
12655
12657
12659
12661
12663
12665
12667
12669
12671
12673
12675
12677
12679
12681
12683
12685
12687
12689
12691
12693
12695
12697
12701
12703
12705
12707
12709
12711
12713
12715
12717
12719
12721
12723
12725
12727
12731
12733
12735
12737
12739
12741
12743
12745
12747
12749
12751
12753
12755
12757
12759
12761
12763
12765
12767
12769
12771
12773
12775
12777
12779
12781
12783
12785
12787
12789
12791
12793
12795
12797
12801
12803
12805
12807
12809
12811
12813
12815
12817
12819
12821
12823
12825
12827
12829
12831
12833
12835
12837
12839
12841
12843
12845
12847
12849
12851
12853
12855
12857
12859
12861
12863
12867
12869
12871
12873
12875
12877
12879
12881
12883
12885
12887
12889
12891
12893
12895
12897
12901
12903
12905
12907
12909
12911
12913
12915
12917
12919
12921
12923
12925
12927
12929
12931
12933
12935
12937
12939
12941
12943
12947
12949
12951
12953
12955
12957
12959
12961
12963
12965
12967
12969
12971
12973
12975
12977
12979
12983
12985
12987
12989
12991
12993
12995
13005
13009
13011
13015
13017
13019
13021
13023
13025
13027
13029
13033
13043
13045
13053
13063
13071
13103
13105
13113
13117
13121
13131
13135
13137
13141
13145
13147
13149
13151
13153
13155
13157
13159
13161
13163
13165
13167
13169
13173
13175
13177
13179
13181
13185
13187
13201
13205
13207
13209
13225
13227
13233
13235
13237
13239
13241
13243
13245
13247
13249
13257
13281
13287
13301
13303
13305
13307
13309
13319
13329
13331
13343
13345
13347
13349
13351
13401
13403
13409
13413
13415
13417
13419
13421
13423
13425
13429
13431
13465
13483
13503
13505
13507
13509
13511
13545
13553
14001
14003
14005
14007
14009
14011
14013
14015
14017
14021
14023
14027
14029
14033
14035
14037
14041
14085
14101
14109
14111
14113
14115
14119
14123
14151
14163
14201
14203
14205
14207
14209
14211
14213
14215
14217
14223
14229
14231
14233
14235
14259
14261
14265
14303
14305
14307
14309
14311
14313
14315
14317
14319
14321
14323
14331
14503
14505
14507
14509
14511
14521
14523
14525
14545
14553
14601
14603
14605
14609
14611
14613
14615
14617
14619
14623
14629
14631
14633
14645
14649
14653
14661
14673
14681
14701
14703
14707
14711
14715
14717
14721
14723
14725
14727
14729
14731
14733
14735
14737
14795
14801
14803
14805
14807
14811
14813
14819
14821
14823
14825
14853
14863
14865
14887
14889
14891
14893
14895
14897
15001
15003
15005
15007
15009
15011
15013
15017
15021
15023
15025
15027
15029
15035
15037
15039
15043
15045
15047
15049
15051
15053
15055
15057
15059
15061
15065
15067
15069
15071
15073
15075
15077
15079
15081
15097
15101
15103
15105
15107
15111
15113
15115
15117
15125
15127
15129
15131
15159
15201
15203
15205
15211
15215
15227
15231
15233
15235
15237
15267
15269
15271
15273
15279
15283
15417
15463
15467
15483
15515
15527
15529
15531
15547
15549
15551
15553
15559
15603
15611
15613
15615
15619
15621
15623
15625
15629
15631
15633
15635
15639
15643
15645
15647
15651
15653
15655
15657
15661
15663
15665
15667
15669
15703
15705
15707
15709
15711
15713
15715
15719
15721
15753
15767
15769
15777
15811
15813
15815
15817
15888
15895
15901
15903
15905
15907
15909
15927
15929
15933
15943
15959
15961
15967
16003
16021
16023
16031
16053
16057
16085
16087
16089
16093
16101
16105
16111
16115
16127
16159
16175
16179
16187
16203
16205
16207
16209
16211
16213
16215
16217
16219
16221
16225
16227
16231
16233
16235
16239
16301
16303
16305
16307
16309
16311
16315
16317
16319
16321
16323
16325
16327
16331
16333
16335
16337
16339
16341
16343
16345
16347
16349
16351
16353
16355
16381
16505
16507
16511
16515
16519
16521
16525
16527
16529
16531
16533
16535
16541
16543
16545
16549
16557
16565
16567
16569
16571
16573
16575
16579
16581
16583
16585
16587
16589
16591
16593
16595
16603
16605
16607
16609
16613
16615
16617
16629
16649
16721
16729
16731
16733
16751
16779
16787
16791
16823
16843
16845
16847
16849
16853
16855
16857
16861
16865
16867
17001
17003
17005
17007
17009
17011
17013
17015
17019
17021
17023
17027
17029
17033
17035
17057
17063
17201
17205
17207
17209
17211
17215
17219
17221
17225
17227
17229
17231
17233
17235
17237
17239
17241
17243
17245
17247
17249
17251
17253
17255
17257
17259
17261
17263
17267
17269
17281
17301
17303
17307
17309
17311
17313
17315
17317
17319
17321
17323
17325
17329
17333
17347
17391
17405
17407
17409
17411
17415
17417
17419
17435
17479
17481
17487
17603
17609
17611
17613
17615
17617
17619
17621
17623
17625
17626
17629
17639
17641
17643
17645
17647
17649
17651
17659
17661
17663
17683
17687
17693
18003
18005
18007
18009
18011
18013
18019
18021
18023
18027
18029
18033
18035
18037
18043
18045
18047
18085
18101
18103
18105
18107
18109
18111
18113
18115
18117
18125
18175
18181
18183
18189
18201
18203
18205
18207
18213
18233
18235
18237
18241
18247
18249
18251
18257
18301
18303
18309
18311
18403
18409
18413
18415
18417
18419
18423
18425
18447
18449
18451
18463
18477
18503
18511
18513
18517
18519
18525
18529
18567
18573
18601
18603
18609
18611
18613
18615
18619
18621
18623
18625
18627
18629
18631
18635
18637
18639
18755
19001
19003
19005
19007
19015
19019
19027
19031
19033
19035
19037
19045
19051
19053
19055
19091
19101
19103
19105
19107
19109
19119
19165
19167
19201
19205
19207
19209
19217
19223
19225
19251
19259
19269
19301
19303
19305
19307
19309
19313
19319
19321
19323
19325
19327
19329
19333
19337
19339
19341
19343
19345
19401
19405
19407
19409
19411
19413
19415
19417
19421
19425
19435
19483
19489
19565
19567
19571
19573
19575
19577
19601
19605
19607
19609
19611
19613
19615
19665
19667
19669
19711
19713
19715
19719
19721
19723
19725
19735
19791
19803
19807
19811
19813
19815
19817
19819
20103
20111
20401
20403
20407
20409
20411
20413
20415
20451
20471
20473
20481
20483
20487
20489
20501
20503
20505
20601
20651
20653
20681
20691
20801
20803
20805
20807
20809
20811
20813
20815
20817
20819
20821
20823
20827
20837
20839
20843
20845
20847
20857
20861
20889
20895
20903
20905
20907
20909
20913
20915
20917
20919
20921
20923
20925
20927
20929
20931
20933
20935
20937
20939
20941
20943
20945
20947
20949
20953
20955
20957
20961
20971
20973
20975
20985
21125
22101
22103
22105
22107
22113
22115
22117
22119
22121
22123
22125
22129
22131
22135
22137
22139
22141
22143
22147
22149
22151
22153
22155
22157
22159
22161
22163
22165
22167
22169
22171
22173
22175
22177
22179
22181
22183
22185
22187
22189
22191
22193
22195
22197
22199
22201
22203
22207
22209
22213
22221
22305
22307
22317
22321
22323
22325
22329
22351
22353
22355
22387
22401
22403
22405
22407
22409
22411
22413
22417
22419
22421
22423
22425
22427
22429
22431
22433
22435
22437
22439
22441
22443
22445
22449
22451
22453
22455
22459
22461
22463
22465
22467
22471
22473
22475
22479
22481
22483
22485
22497
22501
22511
22531
22533
22535
22537
22539
22547
22551
22563
22601
22603
22605
22609
22611
22613
22615
22617
22619
22621
22623
22625
22627
22629
22631
22633
22637
22639
22641
22643
22645
22647
22649
22651
22653
22655
22657
22659
22661
22663
22665
22667
22669
22671
22673
22675
22677
22679
22681
22683
22685
22689
22691
22697
22701
22705
22707
22709
22717
22731
22737
22801
22803
22805
22807
22809
22811
22815
22817
22819
22821
22823
22825
22827
22829
22831
22833
22835
22837
22839
22841
22843
22845
22847
22849
22851
22853
22855
22857
22859
22861
22863
22865
22867
22869
22871
22873
22875
22877
22879
22881
22883
22887
22889
22891
22893
22895
22897
22901
22903
22905
22907
22909
22911
22913
22915
22917
22919
22921
22923
22927
22929
22931
22933
22935
22937
22939
22941
22943
22945
22947
22949
22951
22953
22955
22957
22959
22963
22965
22967
22969
22971
22973
22975
22977
22981
22983
22985
22987
22989
22993
22995
22997
25013
25035
28181
52451
52453
52455
52457
52461
52465
52467
52469
52471
52473
52475
52538
52540
52571
52587
56137
56139
56140
56142
82501
82901
10102
10104
10106
10108
10216
11004
11006
11008
11010
11014
11018
11020
11022
11026
11028
11030
11034
11036
11038
11040
11046
11050
11056
11058
11060
11062
11072
11078
11080
11082
11088
11090
11092
11098
11100
11008
11110
11114
11116
11118
11120
11122
11124
11126
11128
11140
11266
11272
11302
11306
11312
11402
11404
11408
11410
11412
11414
11422
11426
11428
11448
11450
11464
11466
11602
11604
11606
11652
11704
11706
11752
11754
11808
11842
11902
11904
12002
12004
12006
12008
12010
12012
12014
12016
12018
12020
12022
12024
12026
12028
12030
12032
12034
12036
12038
12040
12042
12046
12050
12052
12054
12056
12058
12060
12062
12064
12066
12068
12070
12072
12074
12076
12078
12080
12082
12084
12088
12090
12092
12098
12102
12104
12106
12108
12110
12112
12114
12116
12120
12122
12124
12126
12128
12130
12132
12134
12136
12138
12140
12142
12144
12146
12148
12150
12152
12154
12156
12158
12160
12162
12164
12166
12168
12170
12172
12174
12176
12178
12180
12182
12184
12186
12188
12190
12192
12194
12196
12198
12202
12204
12208
12210
12212
12214
12216
12218
12220
12222
12224
12226
12228
12230
12232
12236
12238
12240
12242
12244
12246
12248
12252
12254
12258
12260
12262
12264
12266
12268
12270
12274
12276
12278
12280
12282
12284
12286
12290
12292
12294
12296
12298
12302
12304
12306
12308
12310
12312
12314
12316
12318
12320
12322
12324
12326
12328
12330
12332
12334
12336
12338
12340
12342
12344
12346
12348
12350
12352
12354
12356
12358
12360
12362
12364
12366
12368
12370
12372
12376
12378
12380
12382
12384
12390
12392
12394
12396
12398
12402
12404
12406
12408
12410
12412
12414
12416
12418
12420
12422
12424
12426
12428
12430
12432
12434
12436
12438
12440
12442
12444
12446
12448
12450
12452
12454
12456
12458
12460
12464
12466
12468
12470
12472
12474
12476
12478
12480
12482
12484
12486
12488
12490
12492
12494
12496
12498
12504
12506
12508
12510
12512
12514
12516
12518
12520
12522
12524
12528
12530
12532
12534
12536
12538
12540
12546
12548
12550
12552
12554
12556
12558
12560
12562
12566
12568
12572
12578
12582
12584
12588
12590
12592
12594
12596
12598
12602
12604
12606
12608
12610
12612
12614
12616
12618
12620
12622
12624
12626
12628
12630
12632
12634
12636
12638
12640
12642
12644
12646
12648
12650
12654
12656
12658
12660
12662
12664
12666
12668
12670
12672
12674
12676
12678
12680
12682
12684
12686
12688
12690
12692
12694
12696
12698
12702
12704
12706
12708
12710
12712
12714
12716
12718
12720
12722
12724
12726
12728
12732
12734
12736
12738
12740
12742
12744
12746
12748
12750
12752
12754
12756
12758
12760
12762
12764
12766
12768
12770
12772
12774
12776
12778
12780
12782
12784
12786
12788
12790
12792
12794
12796
12798
12802
12804
12806
12808
12810
12812
12814
12816
12818
12820
12822
12824
12826
12828
12830
12832
12834
12836
12838
12840
12842
12844
12846
12848
12850
12852
12854
12856
12858
12860
12862
12864
12868
12870
12872
12874
12876
12878
12880
12882
12884
12886
12888
12890
12892
12894
12896
12898
12902
12904
12906
12908
12910
12912
12914
12916
12918
12920
12922
12924
12926
12928
12930
12932
12934
12936
12938
12940
12942
12944
12948
12950
12952
12954
12956
12958
12960
12962
12964
12966
12968
12970
12972
12974
12976
12978
12980
12984
12986
12988
12990
12992
12994
12996
13006
13010
13012
13016
13018
13020
13022
13024
13026
13028
13030
13034
13044
13046
13054
13064
13072
13104
13106
13114
13118
13122
13132
13136
13138
13142
13146
13148
13150
13152
13154
13156
13158
13160
13162
13164
13166
13168
13170
13174
13176
13178
13180
13182
13186
13188
13202
13206
13208
13210
13226
13228
13234
13236
13238
13240
13242
13244
13246
13248
13250
13258
13282
13288
13302
13304
13306
13308
13310
13320
13330
13332
13344
13346
13348
13350
13352
13402
13404
13410
13414
13416
13418
13420
13422
13424
13426
13430
13432
13466
13484
13504
13506
13508
13510
13512
13546
13554
14002
14004
14006
14008
14010
14012
14014
14016
14018
14022
14024
14028
14030
14034
14036
14038
14042
14086
14102
14110
14112
14114
14116
14120
14124
14152
14164
14202
14204
14206
14208
14210
14212
14214
14216
14218
14224
14230
14232
14234
14236
14260
14262
14266
14304
14306
14308
14310
14312
14314
14316
14318
14320
14322
14324
14332
14504
14506
14508
14510
14512
14522
14524
14526
14546
14554
14602
14604
14606
14610
14612
14614
14616
14618
14620
14624
14630
14632
14634
14646
14650
14654
14662
14674
14682
14702
14704
14708
14712
14716
14718
14722
14724
14726
14728
14730
14732
14734
14736
14738
14796
14802
14804
14806
14808
14812
14814
14820
14822
14824
14826
14854
14864
14866
14888
14890
14892
14894
14896
14898
15002
15004
15006
15008
15010
15012
15014
15018
15022
15024
15026
15028
15030
15036
15038
15040
15044
15046
15048
15050
15052
15054
15056
15058
15060
15062
15066
15068
15070
15072
15074
15076
15078
15080
15082
15098
15102
15104
15106
15108
15112
15114
15116
15118
15126
15128
15130
15132
15160
15202
15204
15206
15212
15216
15228
15232
15234
15236
15238
15268
15270
15272
15274
15280
15284
15418
15464
15468
15484
15516
15528
15530
15532
15548
15550
15552
15554
15560
15604
15612
15614
15616
15620
15622
15624
15626
15630
15632
15634
15636
15640
15644
15646
15648
15652
15654
15656
15658
15662
15664
15666
15668
15670
15704
15706
15708
15710
15712
15714
15716
15720
15722
15754
15768
15770
15778
15812
15814
15816
15818
15887
15896
15902
15904
15906
15908
15910
15928
15930
15934
15944
15960
15962
15968
16004
16022
16024
16032
16054
16058
16086
16088
16090
16094
16102
16106
16112
16116
16128
16160
16176
16180
16188
16204
16206
16208
16210
16212
16214
16216
16218
16220
16222
16226
16228
16232
16234
16236
16240
16302
16304
16306
16308
16310
16312
16316
16318
16320
16322
16324
16326
16328
16332
16334
16336
16338
16340
16342
16344
16346
16348
16350
16352
16354
16356
16382
16506
16508
16512
16516
16520
16522
16526
16528
16530
16532
16534
16536
16542
16544
16546
16550
16558
16566
16568
16570
16572
16574
16576
16580
16582
16584
16586
16588
16590
16592
16594
16596
16604
16606
16608
16610
16614
16616
16618
16630
16650
16722
16730
16732
16734
16752
16780
16788
16792
16824
16844
16846
16848
16850
16854
16856
16858
16862
16866
16868
17002
17004
17006
17008
17010
17012
17014
17016
17020
17022
17024
17028
17030
17034
17036
17058
17064
17202
17206
17208
17210
17212
17216
17220
17222
17226
17228
17230
17232
17234
17236
17238
17240
17242
17244
17246
17248
17250
17252
17254
17256
17258
17260
17262
17264
17268
17270
17282
17302
17304
17308
17310
17312
17314
17316
17318
17320
17322
17324
17326
17330
17334
17348
17392
17406
17408
17410
17412
17416
17418
17420
17436
17480
17482
17488
17604
17610
17612
17614
17616
17618
17620
17622
17624
17625
17626
17630
17640
17642
17644
17646
17648
17650
17652
17660
17662
17664
17684
17688
17694
18004
18006
18008
18010
18012
18014
18020
18022
18024
18028
18030
18034
18036
18038
18044
18046
18048
18086
18102
18104
18106
18108
18110
18112
18114
18116
18118
18126
18176
18182
18184
18190
18202
18204
18206
18208
18214
18234
18236
18238
18242
18248
18250
18252
18258
18302
18304
18310
18312
18404
18410
18414
18416
18418
18420
18424
18426
18448
18450
18452
18464
18478
18504
18512
18514
18518
18520
18526
18530
18568
18574
18602
18603
18610
18612
18614
18616
18620
18622
18624
18626
18628
18630
18632
18636
18638
18640
18756
19002
19004
19006
19008
19016
19020
19028
19032
19034
19036
19038
19046
19052
19054
19056
19092
19102
19104
19106
19108
19110
19120
19166
19168
19202
19206
19208
19210
19218
19224
19226
19252
19260
19270
19302
19304
19306
19308
19310
19314
19320
19322
19324
19326
19328
19330
19334
19338
19340
19342
19344
19346
19402
19406
19408
19410
19412
19414
19416
19418
19422
19426
19436
19484
19490
19566
19568
19572
19574
19576
19578
19602
19606
19608
19610
19612
19614
19616
19666
19668
19670
19712
19714
19716
19720
19722
19724
19726
19736
19792
19804
19808
19812
19814
19816
19818
19820
20104
20112
20402
20404
20408
20410
20412
20414
20416
20452
20472
20474
20482
20484
20488
20490
20502
20504
20506
20602
20652
20654
20682
20692
20802
20804
20806
20808
20810
20812
20814
20816
20818
20820
20822
20824
20828
20838
20840
20844
20846
20848
20858
20862
20890
20896
20904
20906
20908
20910
20914
20916
20918
20920
20922
20924
20926
20928
20930
20932
20934
20936
20938
20940
20942
20944
20946
20948
20950
20954
20956
20958
20962
20972
20974
20976
20986
21126
22102
22104
22106
22108
22114
22116
22118
22120
22122
22124
22126
22130
22132
22136
22138
22140
22142
22144
22148
22150
22152
22154
22156
22158
22160
22162
22164
22166
22168
22170
22172
22174
22176
22178
22180
22182
22184
22186
22188
22190
22192
22194
22196
22198
22200
22202
22204
22208
22210
22214
22222
22306
22308
22318
22322
22324
22326
22330
22352
22354
22356
22388
22402
22404
22406
22408
22410
22412
22414
22418
22420
22422
22424
22426
22428
22430
22432
22434
22436
22438
22440
22442
22444
22446
22450
22452
22454
22456
22460
22462
22464
22466
22468
22472
22474
22476
22480
22482
22484
22486
22498
22502
22512
22532
22534
22536
22538
22540
22548
22552
22564
22602
22604
22606
22610
22612
22614
22616
22618
22620
22622
22624
22626
22628
22630
22632
22634
22638
22640
22642
22644
22646
22648
22650
22652
22654
22656
22658
22660
22662
22664
22666
22668
22670
22672
22674
22676
22678
22680
22682
22684
22686
22690
22692
22698
22702
22706
22708
22710
22718
22732
22738
22802
22804
22806
22808
22810
22812
22816
22818
22820
22822
22824
22826
22828
22830
22832
22834
22836
22838
22840
22842
22844
22846
22848
22850
22852
22854
22856
22858
22860
22862
22864
22866
22868
22870
22872
22874
22876
22878
22880
22882
22884
22888
22890
22892
22894
22896
22898
22902
22904
22906
22908
22910
22912
22914
22916
22918
22920
22922
22924
22928
22930
22932
22934
22936
22938
22940
22942
22944
22946
22948
22950
22952
22954
22956
22958
22960
22964
22966
22968
22970
22972
22974
22976
22978
22982
22984
22986
22988
22990
22994
22996
22998
25014
25036
28182
52452
52454
52456
52458
52462
52466
52464
52470
52472
52474
52476
52539
52541
52570
52588
56136
56141
56138
56143
82502
82902
